%% Condizioni di regime

Trim.pitch =  -0.1020;
Trim.velBody_z = 1.2288;
Trim.Va = 13.672262935858880;

%%